nelem			3
range			4 4.2 5.2 6.0 1 3.2
defects			1 0
pair_eq   1 1 1 -0.5441874019031798 1 1 2 -0.0000 1 1 3 0.0000 1 1 4 0.0000
pair_eq   2 2 1 -0.24701997856690566 2 2 2 -0.0153258 2 2 3 0.0000 2 2 4 0.0000
pair_eq   3 3 1 -0.6534216768855908 3 3 2 -0.013405562755770158 3 3 3 0.0000 3 3 4 0.0000
pair_eq   1 2 1 -0.414903725 1 2 2 0.0001613172213805747 1 2 3 0.0000 1 2 4 0.0000
pair_eq   1 3 1 -0.607759988817697 1 3 2 -0.0015250721215709362 1 3 3 0.0000 1 3 4 0.0000
pair_eq   2 3 1 -0.5215315088517265 2 3 2 0.005431395 2 3 3 0.0000 2 3 4 0.0000
pair_eq   1 0 1 -0.224597650407294
#pair_eq   2 0 1 -0.046731003 2 0 2 0.0 2 0 3 -0.0000 2 0 4 0.0000
#pair_eq   3 0 1 -0.379588828 3 0 2 0.0 3 0 3 0.0000 3 0 4 -0.0000
pair_eq   2 0 1  -0.106904646727538 2 0 2 0.0 2 0 3 -0.0000 2 0 4 0.0000
pair_eq   3 0 1 -0.32359486469414 3 0 2 0.0 3 0 3 0.0000 3 0 4 -0.0000
pair_eq   0 0 1 100.0 0 0 2 100.0 0 0 3 100.0 0 0 4 100.0

pair_sd   1 1 1 1.263605268 2 2 1 1.123605268 3 3 1 1.063605268 0 0 1 0.653605268
pair_sd_mod   1 2 1 0
frequencies		1.66e13 1.86e13 1.57e13


